-8.0 -47.293210234628134
-7.75 -48.65031944998914
-7.5 -46.64427852384328
-7.25 -45.70177872287404
-7.0 -44.55169047780112
-6.75 -44.6419361210729
-6.5 -42.23613317674856
-6.25 -40.79940805368743
-6.0 -41.00549206538327
-5.75 -39.22335670247053
-5.5 -37.17323830275813
-5.25 -37.933719355073706
-5.0 -36.96479514717915
-4.75 -36.420897176649866
-4.5 -33.24755626749651
-4.25 -35.67102622506775
-4.0 -33.33147407297063
-3.75 -32.08056414750247
-3.5 -31.70561454098029
-3.25 -29.735329117482173
-3.0 -27.810455876207875
-2.75 -28.966543056348126
-2.5 -26.29344728784242
-2.25 -27.127360895491027
-2.0 -26.625346129523578
-1.75 -25.161155534876894
-1.5 -22.573501486926656
-1.25 -21.643803432814043
-1.0 -22.556061931823102
-0.75 -20.75741988500771
-0.5 -18.83248959634227
-0.25 -18.72347883342866
0.0 -18.82262017166334
0.25 -16.80297627977933
0.5 -15.975918616987785
0.75 -14.451555593905795
1.0 -15.596862565819249
1.25 -11.045152391943963
1.5 -14.490755604585926
1.75 -10.590204022100123
2.0 -11.938212164106996
2.25 -10.409344022432823
2.5 -8.9603282130897
2.75 -7.581992323801363
3.0 -6.485623157122222
3.25 -5.100514929541921
3.5 -5.304959968444619
3.75 -2.66311511628881
4.0 -1.9486844142258277
4.25 -4.295725509522622
4.5 0.043210275676087484
4.75 0.09781770418615415
5.0 0.17023589114285081
5.25 3.7985540289131836
5.5 1.9288284340850725
5.75 4.9222179314128365
6.0 5.462343177717758
6.25 6.340766384545697
6.5 4.855697160694081
6.75 9.014769164972133
7.0 7.606573997659187
7.25 8.420712181937432
7.5 9.808490471154332
7.75 13.117503857512265
8.0 12.507469508243236
8.25 12.683474362654076
8.5 13.713641669161902
8.75 13.485194610709085
9.0 17.03830754935417
9.25 16.84736142992667
9.5 18.591450429986462
9.75 19.249048321298204
10.0 18.97183190815265
10.25 20.7080162235771
10.5 21.205680178015168
10.75 22.72379170175269
11.0 23.852101023104684
11.25 23.833648330295123
11.5 23.6852147049721
11.75 26.792700898778634
12.0 27.43699339946801
12.25 28.692325252987942
12.5 29.479179064061388
12.75 31.19479544394731
13.0 32.12707309575231
13.25 31.966093636299163
13.5 31.696557942936938
13.75 33.94648718913312
14.0 36.266077968648155
14.25 34.55049201164731
14.5 36.77991829449902
14.75 38.494584615818056
15.0 38.830996116507926
15.25 40.527947557932244
15.5 39.791380580559554
15.75 41.144970443983404
16.0 42.635477528644806
16.25 41.99470511630341
16.5 40.17691636730974
16.75 43.538164451392205
17.0 44.49477529799547
17.25 45.67307650933246
17.5 46.482300867646046
17.75 46.250504434965706
18.0 49.70477198129858
18.25 48.33196105308114
18.5 52.7505722070218
18.75 51.98115034897144
19.0 50.75403282731342
19.25 54.23379464524885
19.5 55.06003306488026
19.75 56.74980711012111
20.0 57.02856765185112
20.25 57.534415858334256
20.5 57.25235092251622
20.75 60.54687016426228
21.0 61.178118933732144
21.25 62.01051370924546
21.5 63.41890809792897
21.75 64.00878091293623
22.0 64.17458468393558
22.25 63.82467728920999
22.5 65.80512250289956
22.75 67.49859415103761
23.0 67.59207808607157
23.25 69.30067026151269
23.5 68.13308293959861
23.75 69.99427214682414
24.0 68.59972666372958
24.25 72.70239818227333
24.5 75.04045934064241
24.75 76.11452001188175
25.0 77.59486191220259
25.25 75.70800710790527
25.5 77.17863643863087
25.75 79.05100882783351
26.0 78.33489979072777
26.25 79.36476187697835
26.5 82.14685457366363
26.75 81.7766248878902
27.0 80.38952333448783
27.25 85.1694046551601
27.5 83.45621421354339
27.75 86.89060411860346
28.0 87.33654483459762
28.25 88.27775786102512
28.5 86.83707424408904
28.75 88.19644413444175
29.0 88.12350912878318
29.25 91.9217243439908
29.5 93.37876357897079
29.75 93.72543009236416
30.0 94.00622934310103
30.25 95.4048989402439
30.5 98.4409809397017
30.75 96.8873612490543
31.0 97.93369312223545
31.25 98.40872212311506
31.5 99.46921344097774
31.75 100.41250241105402
32.0 101.88751165810058
32.25 105.00840506103818
32.5 103.99245018675107
32.75 103.9540469638885
33.0 104.24606989916286
33.25 107.51626043957593
33.5 107.62979607266003
33.75 107.83819023072036
34.0 109.87031408086004
34.25 110.60985564253633
34.5 112.38133197223098
34.75 113.94467374110205
35.0 111.81854125442776
35.25 112.80738523240358
35.5 114.57822652747284
35.75 116.52671924200918
36.0 117.80713940222172
36.25 117.6343593724489
36.5 117.79738128044728
36.75 119.73141922030567
37.0 120.21191668433612
37.25 120.59640331259337
37.5 120.29264873853246
37.75 121.58091898167098
38.0 125.5011751229067
38.25 125.72449355986019
38.5 127.28473157701927
38.75 126.57428527799345
39.0 127.11873565433841
39.25 128.9223948071013
39.5 128.4337189774336
39.75 130.90951497677676
40.0 132.33858558521408
40.25 133.3513166499972
40.5 133.98626689800506
40.75 136.3235145976467
41.0 136.97742044900235
41.25 138.30670199620357
41.5 136.686762953483
41.75 137.24179033983998
